111111 100000020000001000000200000010000002000000 [-77 -2 0 1 -2 0 -2]
121212 120000012000001200000000000000000000000000 [77 -3 -18 -18 -18 -18 -18]
121213 122000012000001000000000000000000000000000 [77 2 1 0 1 0 0]
121214 120200012000001000000000000000000000000000 [77 0 0 -2 -3 -4 -3]
121215 120020012000001000000000000000000000000000 [77 0 -2 -1 0 -3 -3]
121216 120002012000001000000000000000000000000000 [77 2 -3 2 -3 -3 2]
121217 120000212000001000000000000000000000000000 [77 0 0 0 -2 0 -1]
121221 120000012000002100000000000000000000000000 [-3 -1 -1 -2 -2 -2 -3]
121222 120000012000000100000020000000000000000000 [-1 -3 -1 -1 -3 -1 -3]
121223 122000012000000100000000000000000000000000 [2 3 1 0 -2 -3 0]
121224 120200012000000100000000000000000000000000 [0 0 0 -2 -3 -4 -3]
121225 120020012000000100000000000000000000000000 [0 -3 -3 -2 0 -3 -3]
121226 120002012000000100000000000000000000000000 [2 1 0 2 -3 -4 -3]
121227 120000212000000100000000000000000000000000 [0 1 0 0 -2 1 -3]
121231 121000012000002000000000000000000000000000 [-3 -1 -2 -2 -2 -2 -3]
121232 121000012000000200000000000000000000000000 [-18 -3 -18 -18 -18 -18 -18]
121233 121000012200000000000000000000000000000000 [-3 -3 -3 -3 -4 -4 -4]
121234 121200012000000000000000000000000000000000 [0 0 -3 -3 -4 -4 -4]
121235 121020012000000000000000000000000000000000 [-2 -3 -3 -5 -1 -3 -4]
121236 121002012000000000000000000000000000000000 [-3 0 -1 -3 -3 -3 -3]
121237 121000212000000000000000000000000000000000 [0 0 0 -1 -3 0 -3]
121241 120100012000002000000000000000000000000000 [-3 -2 -2 -1 -2 -1 -2]
121241 120100012000002000000000000000000000000000 [-3 -2 -2 -1 -2 -1 -2]
121242 120100012000000200000000000000000000000000 [-18 1 -18 -18 -18 -18 -18]
