111 100000020000001000000000000000000000000000 [-1 1 1 2 -2 -1 -2]
112 110000020000000000000000000000000000000000 [-3 0 0 0 -3 -3 -3]
113 101000020000000000000000000000000000000000 [-3 0 0 0 -2 -2 -4]
114 100100020000000000000000000000000000000000 [-4 -3 -1 -1 -4 -4 -4]
115 100010020000000000000000000000000000000000 [-3 -2 -2 1 1 -1 -2]
116 100001020000000000000000000000000000000000 [-3 -2 -1 -2 -2 -1 -2]
117 100000120000000000000000000000000000000000 [-2 1 0 0 -2 0 -1]
121 120000010000000000000000000000000000000000 [2 1 0 2 1 0 0]
122 120000001000000000000000000000000000000000 [-2 2 -3 -4 -2 -2 -3]
123 121000000000000000000000000000000000000000 [0 1 3 1 1 2 0]
124 120100000000000000000000000000000000000000 [-3 1 -3 2 -2 -4 -3]
125 120010000000000000000000000000000000000000 [-2 0 -3 0 0 2 0]
126 120001000000000000000000000000000000000000 [-2 0 0 -2 2 0 0]
127 120000100000000000000000000000000000000000 [1 2 0 1 2 2 0]
131 102000010000000000000000000000000000000000 [0 0 2 3 3 0 -2]
132 112000000000000000000000000000000000000000 [0 1 3 1 0 2 -1]
133 102000000100000000000000000000000000000000 [-3 -3 1 0 -1 -2 -2]
134 102100000000000000000000000000000000000000 [-1 -3 2 3 -1 0 -2]
135 102010000000000000000000000000000000000000 [-2 -3 3 0 2 -1 -2]
136 102001000000000000000000000000000000000000 [-1 0 2 -1 -2 2 1]
137 102000100000000000000000000000000000000000 [0 0 4 4 4 2 -2]
141 100200010000000000000000000000000000000000 [2 2 3 5 5 3 2]
142 110200000000000000000000000000000000000000 [0 3 1 5 4 3 0]
143 101200000000000000000000000000000000000000 [0 1 4 5 0 0 1]
144 100200000010000000000000000000000000000000 [-3 -4 -1 2 0 2 -3]
145 100210000000000000000000000000000000000000 [1 0 0 5 2 2 0]
146 100201000000000000000000000000000000000000 [-2 -2 -1 4 0 2 -2]
147 100200100000000000000000000000000000000000 [0 1 4 3 4 1 0]
151 100020010000000000000000000000000000000000 [-2 1 3 5 4 0 -2]
152 110020000000000000000000000000000000000000 [-3 -2 0 4 -2 -2 -4]
153 101020000000000000000000000000000000000000 [-2 1 0 0 0 -2 -2]
154 100120000000000000000000000000000000000000 [-4 -2 -1 -2 -2 -3 -4]
155 100020000001000000000000000000000000000000 [-4 -2 -2 2 2 -2 -3]
156 100021000000000000000000000000000000000000 [-2 2 -2 0 2 2 -1]
157 100020100000000000000000000000000000000000 [-2 2 4 4 4 0 0]
161 100002010000000000000000000000000000000000 [-1 0 0 3 0 3 -2]
162 110002000000000000000000000000000000000000 [-3 2 2 3 -2 2 -3]
163 101002000000000000000000000000000000000000 [-2 2 2 0 -2 1 -3]
164 100102000000000000000000000000000000000000 [-4 -4 0 2 -3 -2 -3]
165 100012000000000000000000000000000000000000 [-1 2 -1 2 2 2 -2]
166 100002000000100000000000000000000000000000 [-3 -2 -2 0 -3 1 -3]
167 100002100000000000000000000000000000000000 [0 2 2 1 0 2 1]
171 100000210000000000000000000000000000000000 [-2 0 -2 2 -2 -2 -2]
172 110000200000000000000000000000000000000000 [-3 1 -1 0 -4 -3 -3]
173 101000200000000000000000000000000000000000 [-4 0 0 1 -2 -3 -4]
174 100100200000000000000000000000000000000000 [-4 -3 -2 -2 -4 -3 -4]
175 100010200000000000000000000000000000000000 [-2 0 -2 0 2 -2 -2]
176 100001200000000000000000000000000000000000 [-2 0 1 -2 -1 0 -1]
177 100000200000010000000000000000000000000000 [0 1 0 2 -2 -2 -2]
211 210000010000000000000000000000000000000000 [0 0 0 -1 0 -2 -2]
212 210000001000000000000000000000000000000000 [-3 -2 -3 -2 -3 -3 -4]
213 211000000000000000000000000000000000000000 [0 0 0 -2 0 -2 -2]
214 210100000000000000000000000000000000000000 [-4 -3 -2 2 -3 -4 -4]
215 210010000000000000000000000000000000000000 [-4 -2 -3 -2 -2 -3 -4]
216 210001000000000000000000000000000000000000 [-2 0 -1 -2 2 0 0]
217 210000100000000000000000000000000000000000 [-1 0 -1 -2 1 0 -2]
221 110000002000000000000000000000000000000000 [0 2 1 3 -2 2 1]
222 010000002000000100000000000000000000000000 [0 1 2 0 1 -4 -3]
223 011000002000000000000000000000000000000000 [0 -18 -18 2 1 -18 -18]
224 010100002000000000000000000000000000000000 [-3 -18 1 -18 -2 -18 -18]
225 010010002000000000000000000000000000000000 [-2 -1 0 0 0 -2 0]
226 010001002000000000000000000000000000000000 [0 0 1 0 1 1 0]
227 010000102000000000000000000000000000000000 [0 1 2 2 2 0 -1]
231 112000000000000000000000000000000000000000 [0 1 3 1 0 2 -1]
232 012000001000000000000000000000000000000000 [-3 1 -2 -2 -4 -2 -3]
233 012000000100000000000000000000000000000000 [-4 -3 1 -3 -4 -4 -4]
234 012100000000000000000000000000000000000000 [-2 1 0 3 -4 -2 -3]
235 012010000000000000000000000000000000000000 [-3 0 2 -3 1 -4 -2]
236 012001000000000000000000000000000000000000 [-1 1 2 -3 -2 1 2]
237 012000100000000000000000000000000000000000 [-1 2 2 0 -2 2 -2]
241 110200000000000000000000000000000000000000 [0 3 1 5 4 3 0]
242 010200001000000000000000000000000000000000 [-2 0 -2 -2 -3 -3 -4]
243 011200000000000000000000000000000000000000 [-2 2 0 4 0 0 0]
244 010200000010000000000000000000000000000000 [-4 -4 -5 0 -3 -2 -4]
245 010210000000000000000000000000000000000000 [-2 0 -3 3 0 -3 -2]
246 010201000000000000000000000000000000000000 [-2 0 -3 5 -3 0 -2]
247 010200100000000000000000000000000000000000 [-2 2 0 4 -1 -2 -2]
251 110020000000000000000000000000000000000000 [-3 -2 0 4 -2 -2 -4]
252 010020001000000000000000000000000000000000 [-3 2 -4 -3 -2 -3 -3]
253 011020000000000000000000000000000000000000 [0 1 0 0 0 -2 -2]
254 010120000000000000000000000000000000000000 [-3 -2 -4 -2 -2 -4 -4]
255 010020000001000000000000000000000000000000 [-3 -2 -4 1 1 -2 -4]
256 010021000000000000000000000000000000000000 [2 1 -2 -3 2 1 -1]
257 010020100000000000000000000000000000000000 [1 2 -2 -1 2 0 -1]
261 110002000000000000000000000000000000000000 [-3 2 2 3 -2 2 -3]
262 010002001000000000000000000000000000000000 [-3 -2 -2 -3 -3 -4 -4]
263 011002000000000000000000000000000000000000 [-2 -18 -18 0 -2 -18 -18]
264 010102000000000000000000000000000000000000 [-4 -18 -2 -18 -4 -18 -18]
265 010012000000000000000000000000000000000000 [-3 -2 -4 -3 -2 -2 -3]
266 010002000000100000000000000000000000000000 [-3 -3 -2 0 -3 -2 -3]
267 010002100000000000000000000000000000000000 [0 0 2 -2 0 0 -2]
271 110000200000000000000000000000000000000000 [-3 1 -1 0 -4 -3 -3]
272 010000201000000000000000000000000000000000 [-4 -3 -3 -4 -3 -4 -4]
273 011000200000000000000000000000000000000000 [-2 -18 -18 0 -2 -18 -18]
274 010100200000000000000000000000000000000000 [-4 -18 -3 -18 -4 -18 -18]
275 010010200000000000000000000000000000000000 [-4 0 -2 -2 0 -3 -3]
276 010001200000000000000000000000000000000000 [0 0 2 -2 -1 0 -2]
277 010000200000010000000000000000000000000000 [-1 1 0 -2 -2 -3 -3]
311 201000010000000000000000000000000000000000 [-4 -2 0 0 0 0 -2]
312 211000000000000000000000000000000000000000 [0 0 0 -2 0 -2 -2]
313 201000000100000000000000000000000000000000 [-4 -4 0 -3 -4 -4 -4]
314 201100000000000000000000000000000000000000 [-18 -2 -18 -18 -2 -2 -18]
315 201010000000000000000000000000000000000000 [-18 -4 -18 0 -18 -4 -18]
316 201001000000000000000000000000000000000000 [-3 -3 0 -2 -2 0 -4]
317 201000100000000000000000000000000000000000 [-2 -2 2 0 -2 0 -2]
321 121000000000000000000000000000000000000000 [0 1 3 1 1 2 0]
322 021000001000000000000000000000000000000000 [-4 0 -2 -2 -3 -2 -3]
323 021000000100000000000000000000000000000000 [-4 -3 1 -2 -4 -3 -4]
324 021100000000000000000000000000000000000000 [-2 1 0 2 -2 0 -3]
325 021010000000000000000000000000000000000000 [-4 0 -1 0 0 0 -4]
326 021001000000000000000000000000000000000000 [-3 -2 -2 -3 -4 -2 -3]
327 021000100000000000000000000000000000000000 [-2 2 2 2 -1 2 -1]
331 101000000200000000000000000000000000000000 [0 3 3 4 0 2 0]
332 011000000200000000000000000000000000000000 [0 -18 -18 0 0 -18 -18]
333 001000000200000010000000000000000000000000 [-2 -2 0 1 -2 -3 -4]
334 001100000200000000000000000000000000000000 [-18 0 -18 -18 0 -18 -18]
335 001010000200000000000000000000000000000000 [-18 -1 -18 3 -18 0 -18]
336 001001000200000000000000000000000000000000 [0 -2 2 0 1 0 -2]
337 001000100200000000000000000000000000000000 [2 2 3 2 2 0 1]
341 101200000000000000000000000000000000000000 [0 1 4 5 0 0 1]
342 011200000000000000000000000000000000000000 [-2 2 0 4 0 0 0]
343 001200000100000000000000000000000000000000 [-3 -2 0 -3 -2 -3 -3]
344 001200000010000000000000000000000000000000 [-5 -6 -5 0 -5 -5 -5]
345 001210000000000000000000000000000000000000 [0 0 3 3 3 0 0]
346 001201000000000000000000000000000000000000 [-2 -3 0 3 -3 0 -2]
347 001200100000000000000000000000000000000000 [0 2 2 5 0 0 1]
351 101020000000000000000000000000000000000000 [-2 1 0 0 0 -2 -2]
352 011020000000000000000000000000000000000000 [0 1 0 0 0 -2 -2]
353 001020000100000000000000000000000000000000 [-4 -4 0 -2 -3 -4 -4]
354 001120000000000000000000000000000000000000 [-2 -2 0 2 0 -4 -4]
355 001020000001000000000000000000000000000000 [-4 -3 -2 -2 0 -3 -4]
356 001021000000000000000000000000000000000000 [-2 -4 1 -3 2 0 -3]
357 001020100000000000000000000000000000000000 [-2 -1 2 0 3 -3 -2]
361 101002000000000000000000000000000000000000 [-2 2 2 0 -2 1 -3]
362 011002000000000000000000000000000000000000 [-2 -18 -18 0 -2 -18 -18]
363 001002000100000000000000000000000000000000 [-4 -3 0 -3 -4 -5 -4]
364 001102000000000000000000000000000000000000 [-2 0 -18 -18 -4 -18 -18]
365 001012000000000000000000000000000000000000 [-4 0 0 0 -1 0 -4]
366 001002000000100000000000000000000000000000 [-3 -2 0 -3 -3 -4 -3]
367 001002100000000000000000000000000000000000 [0 2 0 0 -3 0 -2]
371 101000200000000000000000000000000000000000 [-4 0 0 1 -2 -3 -4]
372 011000200000000000000000000000000000000000 [-2 -18 -18 0 -2 -18 -18]
373 001000200100000000000000000000000000000000 [-4 -4 -6 -3 -4 -4 -11]
374 001100200000000000000000000000000000000000 [-18 -3 -18 -18 -4 -18 -18]
375 001010200000000000000000000000000000000000 [-18 -4 -18 0 -18 -4 -18]
376 001001200000000000000000000000000000000000 [-4 -3 -2 -2 -3 -2 -4]
377 001000200000010000000000000000000000000000 [-2 -2 -2 1 0 -1 -3]
411 200100010000000000000000000000000000000000 [-4 -3 -2 -1 0 -3 -2]
412 210100000000000000000000000000000000000000 [-4 -3 -2 2 -3 -4 -4]
413 201100000000000000000000000000000000000000 [-18 -2 -18 -18 -2 -2 -18]
414 200100000010000000000000000000000000000000 [-11 -7 -5 -4 -5 -6 -10]
415 200110000000000000000000000000000000000000 [-18 -18 -4 -18 -18 -3 -18]
416 200101000000000000000000000000000000000000 [-18 -18 -4 -18 -3 -18 -4]
417 200100100000000000000000000000000000000000 [-4 -3 -4 -2 -2 -3 -4]
421 120100000000000000000000000000000000000000 [-3 1 -3 2 -2 -4 -3]
422 020100001000000000000000000000000000000000 [-3 -5 -3 -2 -3 -4 -4]
423 021100000000000000000000000000000000000000 [-2 1 0 2 -2 0 -3]
424 020100000010000000000000000000000000000000 [-7 -7 -5 0 -5 -5 -6]
425 020110000000000000000000000000000000000000 [-18 -18 -4 -18 -18 0 -2]
426 020101000000000000000000000000000000000000 [-18 -18 -4 -18 -2 -18 -4]
427 020100100000000000000000000000000000000000 [-3 -2 -3 2 0 -4 -4]
431 102100000000000000000000000000000000000000 [-1 -3 2 3 -1 0 -2]
432 012100000000000000000000000000000000000000 [-2 1 0 3 -4 -2 -3]
433 002100000100000000000000000000000000000000 [-4 -5 0 -3 -4 -2 -4]
434 002100000010000000000000000000000000000000 [-5 -5 -5 0 -5 -5 -5]
435 002110000000000000000000000000000000000000 [-4 -4 0 2 0 -2 -2]
436 002101000000000000000000000000000000000000 [-4 -4 -2 -2 -4 -2 -3]
437 002100100000000000000000000000000000000000 [-4 -3 -2 -2 -1 -2 -4]
441 100100000020000000000000000000000000000000 [-1 2 3 3 -2 2 -2]
442 010100000020000000000000000000000000000000 [2 -18 3 -18 -2 -18 -18]
443 001100000020000000000000000000000000000000 [-18 2 -18 -18 2 -18 -18]
444 000100000020000001000000000000000000000000 [-4 -4 -3 -1 -3 -4 -4]
445 000110000020000000000000000000000000000000 [-18 -18 2 -18 -18 2 -18]
446 000101000020000000000000000000000000000000 [-18 -18 -2 -18 3 -18 2]
447 000100100020000000000000000000000000000000 [-2 2 -2 3 3 2 -1]
451 100120000000000000000000000000000000000000 [-4 -2 -1 -2 -2 -3 -4]
452 010120000000000000000000000000000000000000 [-3 -2 -4 -2 -2 -4 -4]
453 001120000000000000000000000000000000000000 [-2 -2 0 2 0 -4 -4]
454 000120000010000000000000000000000000000000 [-5 -5 -5 0 -5 -5 -5]
455 000120000001000000000000000000000000000000 [-4 -2 -4 -3 0 -5 -4]
456 000121000000000000000000000000000000000000 [-3 -2 -4 3 0 1 -2]
457 000120100000000000000000000000000000000000 [-2 0 -1 3 2 -3 -1]
461 100102000000000000000000000000000000000000 [-4 -4 0 2 -3 -2 -3]
462 010102000000000000000000000000000000000000 [-4 -18 -2 -18 -4 -18 -18]
463 001102000000000000000000000000000000000000 [-2 0 -18 -18 -4 -18 -18]
464 000102000010000000000000000000000000000000 [-6 -5 -5 0 -5 -7 -7]
465 000112000000000000000000000000000000000000 [-3 0 -2 2 0 1 -2]
466 000102000000100000000000000000000000000000 [-4 -4 -3 -2 -3 -5 -3]
467 000102100000000000000000000000000000000000 [-3 -4 -2 2 -3 1 -3]
471 100100200000000000000000000000000000000000 [-4 -3 -2 -2 -4 -3 -4]
472 010100200000000000000000000000000000000000 [-4 -18 -3 -18 -4 -18 -18]
473 001100200000000000000000000000000000000000 [-18 -3 -18 -18 -4 -18 -18]
474 000100200010000000000000000000000000000000 [-10 -6 -5 -4 -5 -7 -11]
475 000110200000000000000000000000000000000000 [-18 -2 -2 -18 -18 -2 -18]
476 000101200000000000000000000000000000000000 [-4 -4 -3 2 -2 -3 -4]
477 000100200000010000000000000000000000000000 [-2 -3 0 -1 -2 -3 -4]
511 200010010000000000000000000000000000000000 [-3 -1 0 1 -2 -2 -2]
512 210010000000000000000000000000000000000000 [-4 -2 -3 -2 -2 -3 -4]
513 201010000000000000000000000000000000000000 [-18 -4 -18 0 -18 -4 -18]
514 200110000000000000000000000000000000000000 [-18 -18 -4 -18 -18 -3 -18]
515 200010000001000000000000000000000000000000 [-11 -4 -4 -3 -6 -4 -4]
516 200011000000000000000000000000000000000000 [-18 -18 -2 0 -18 -18 -2]
517 200010100000000000000000000000000000000000 [-4 -3 -2 1 0 0 -4]
521 120010000000000000000000000000000000000000 [-2 0 -3 0 0 2 0]
522 020010001000000000000000000000000000000000 [-3 -4 -3 -3 0 -2 -3]
523 021010000000000000000000000000000000000000 [-4 0 -1 0 0 0 -4]
524 020110000000000000000000000000000000000000 [-18 -18 -4 -18 -18 0 -2]
525 020010000001000000000000000000000000000000 [-4 -5 -4 -3 0 -3 -4]
526 020011000000000000000000000000000000000000 [-18 -18 -2 0 -18 -18 -2]
527 020010100000000000000000000000000000000000 [-3 1 -2 0 2 2 -2]
531 102010000000000000000000000000000000000000 [-2 -3 3 0 2 -1 -2]
532 012010000000000000000000000000000000000000 [-3 0 2 -3 1 -4 -2]
533 002010000100000000000000000000000000000000 [-4 -3 0 -2 -2 -3 -4]
534 002110000000000000000000000000000000000000 [-4 -4 0 2 0 -2 -2]
535 002010000001000000000000000000000000000000 [-4 -4 -3 -2 0 -4 -4]
536 002011000000000000000000000000000000000000 [-2 -2 0 0 0 1 0]
537 002010100000000000000000000000000000000000 [-2 -2 0 0 0 1 -2]
541 100210000000000000000000000000000000000000 [1 0 0 5 2 2 0]
542 010210000000000000000000000000000000000000 [-2 0 -3 3 0 -3 -2]
543 001210000000000000000000000000000000000000 [0 0 3 3 3 0 0]
544 000210000010000000000000000000000000000000 [-5 -5 -5 0 -5 -6 -5]
545 000210000001000000000000000000000000000000 [-3 -3 -2 -3 0 -2 -3]
546 000211000000000000000000000000000000000000 [0 0 0 4 0 2 -2]
547 000210100000000000000000000000000000000000 [1 0 0 5 4 1 0]
551 100010000002000000000000000000000000000000 [1 0 2 2 3 2 2]
552 010010000002000000000000000000000000000000 [-2 0 1 0 2 -2 0]
553 001010000002000000000000000000000000000000 [-18 0 -18 3 -18 -1 -18]
554 000110000002000000000000000000000000000000 [-18 -18 0 -18 -18 0 -18]
555 000010000002000000100000000000000000000000 [-4 -3 -2 1 0 -2 -2]
556 000011000002000000000000000000000000000000 [-18 -18 0 0 -18 -18 0]
557 000010100002000000000000000000000000000000 [0 2 0 4 3 3 0]
561 100012000000000000000000000000000000000000 [-1 2 -1 2 2 2 -2]
562 010012000000000000000000000000000000000000 [-3 -2 -4 -3 -2 -2 -3]
563 001012000000000000000000000000000000000000 [-4 0 0 0 -1 0 -4]
564 000112000000000000000000000000000000000000 [-3 0 -2 2 0 1 -2]
565 000012000001000000000000000000000000000000 [-4 -3 -4 -2 1 -3 -4]
566 000012000000100000000000000000000000000000 [-3 -2 -3 -2 -2 0 -4]
567 000012100000000000000000000000000000000000 [0 2 1 1 3 1 0]
571 100010200000000000000000000000000000000000 [-2 0 -2 0 2 -2 -2]
572 010010200000000000000000000000000000000000 [-4 0 -2 -2 0 -3 -3]
573 001010200000000000000000000000000000000000 [-18 -4 -18 0 -18 -4 -18]
574 000110200000000000000000000000000000000000 [-18 -2 -2 -18 -18 -2 -18]
575 000010200001000000000000000000000000000000 [-4 -4 -4 -3 0 -4 -4]
576 000011200000000000000000000000000000000000 [-2 -2 0 -2 0 0 0]
577 000010200000010000000000000000000000000000 [-2 0 0 0 0 -2 -4]
611 200001010000000000000000000000000000000000 [-3 -3 -2 -2 0 1 -1]
612 210001000000000000000000000000000000000000 [-2 0 -1 -2 2 0 0]
613 201001000000000000000000000000000000000000 [-3 -3 0 -2 -2 0 -4]
614 200101000000000000000000000000000000000000 [-18 -18 -4 -18 -3 -18 -4]
615 200011000000000000000000000000000000000000 [-18 -18 -2 0 -18 -18 -2]
616 200001000000100000000000000000000000000000 [-4 -4 -3 -4 -3 -3 -4]
617 200001100000000000000000000000000000000000 [-3 -3 -4 0 -1 1 -3]
621 120001000000000000000000000000000000000000 [-2 0 0 -2 2 0 0]
622 020001001000000000000000000000000000000000 [-3 -2 -3 0 -2 -3 -3]
623 021001000000000000000000000000000000000000 [-3 -2 -2 -3 -4 -2 -3]
624 020101000000000000000000000000000000000000 [-18 -18 -4 -18 -2 -18 -4]
625 020011000000000000000000000000000000000000 [-18 -18 -2 0 -18 -18 -2]
626 020001000000100000000000000000000000000000 [-4 -4 -3 -3 -2 -2 -3]
627 020001100000000000000000000000000000000000 [-3 2 -2 3 2 2 -3]
631 102001000000000000000000000000000000000000 [-1 0 2 -1 -2 2 1]
632 012001000000000000000000000000000000000000 [-1 1 2 -3 -2 1 2]
633 002001000100000000000000000000000000000000 [-4 -2 1 1 -4 -2 -3]
634 002101000000000000000000000000000000000000 [-4 -4 -2 -2 -4 -2 -3]
635 002011000000000000000000000000000000000000 [-2 -2 0 0 0 1 0]
636 002001000000100000000000000000000000000000 [-3 -3 -2 -3 -4 2 -3]
637 002001100000000000000000000000000000000000 [-4 -2 -2 4 0 -2 -3]
641 100201000000000000000000000000000000000000 [-2 -2 -1 4 0 2 -2]
642 010201000000000000000000000000000000000000 [-2 0 -3 5 -3 0 -2]
643 001201000000000000000000000000000000000000 [-2 -3 0 3 -3 0 -2]
644 000201000010000000000000000000000000000000 [-4 -2 -3 0 -5 -4 -4]
645 000211000000000000000000000000000000000000 [0 0 0 4 0 2 -2]
646 000201000000100000000000000000000000000000 [-4 -3 -3 -2 -2 0 -2]
647 000201100000000000000000000000000000000000 [0 3 4 5 1 3 0]
651 100021000000000000000000000000000000000000 [-2 2 -2 0 2 2 -1]
652 010021000000000000000000000000000000000000 [2 1 -2 -3 2 1 -1]
653 001021000000000000000000000000000000000000 [-2 -4 1 -3 2 0 -3]
654 000121000000000000000000000000000000000000 [-3 -2 -4 3 0 1 -2]
655 000021000001000000000000000000000000000000 [-4 -4 -4 -3 1 -3 -4]
656 000021000000100000000000000000000000000000 [-3 -2 -4 -2 -2 1 -3]
657 000021100000000000000000000000000000000000 [-1 2 0 1 3 1 0]
661 100001000000200000000000000000000000000000 [-1 0 2 2 2 1 0]
662 010001000000200000000000000000000000000000 [0 1 1 0 1 0 0]
663 001001000000200000000000000000000000000000 [0 -2 0 0 0 -1 -2]
664 000101000000200000000000000000000000000000 [-18 -18 -2 -18 1 -18 -3]
665 000011000000200000000000000000000000000000 [-18 -18 1 2 -18 -18 0]
666 000001000000200000010000000000000000000000 [-3 -4 1 0 2 1 0]
667 000001100000200000000000000000000000000000 [1 2 -2 3 1 2 0]
671 100001200000000000000000000000000000000000 [-2 0 1 -2 -1 0 -1]
672 010001200000000000000000000000000000000000 [0 0 2 -2 -1 0 -2]
673 001001200000000000000000000000000000000000 [-4 -3 -2 -2 -3 -2 -4]
674 000101200000000000000000000000000000000000 [-4 -4 -3 2 -2 -3 -4]
675 000011200000000000000000000000000000000000 [-2 -2 0 -2 0 0 0]
676 000001200000100000000000000000000000000000 [-4 -3 -3 -2 -3 -2 -3]
677 000001200000010000000000000000000000000000 [-2 -2 0 -1 0 0 0]
711 200000110000000000000000000000000000000000 [-2 -2 -2 2 0 1 0]
712 210000100000000000000000000000000000000000 [-1 0 -1 -2 1 0 -2]
713 201000100000000000000000000000000000000000 [-2 -2 2 0 -2 0 -2]
714 200100100000000000000000000000000000000000 [-4 -3 -4 -2 -2 -3 -4]
715 200010100000000000000000000000000000000000 [-4 -3 -2 1 0 0 -4]
716 200001100000000000000000000000000000000000 [-3 -3 -4 0 -1 1 -3]
717 200000100000010000000000000000000000000000 [-2 -2 -2 2 -2 0 -2]
721 120000100000000000000000000000000000000000 [1 2 0 1 2 2 0]
722 020000101000000000000000000000000000000000 [-3 1 -3 0 -2 -2 -3]
723 021000100000000000000000000000000000000000 [-2 2 2 2 -1 2 -1]
724 020100100000000000000000000000000000000000 [-3 -2 -3 2 0 -4 -4]
725 020010100000000000000000000000000000000000 [-3 1 -2 0 2 2 -2]
726 020001100000000000000000000000000000000000 [-3 2 -2 3 2 2 -3]
727 020000100000010000000000000000000000000000 [-2 3 0 3 0 0 -1]
731 102000100000000000000000000000000000000000 [0 0 4 4 4 2 -2]
732 012000100000000000000000000000000000000000 [-1 2 2 0 -2 2 -2]
733 002000100100000000000000000000000000000000 [-3 -2 2 2 -2 -2 -4]
734 002100100000000000000000000000000000000000 [-4 -3 -2 -2 -1 -2 -4]
735 002010100000000000000000000000000000000000 [-2 -2 0 0 0 1 -2]
736 002001100000000000000000000000000000000000 [-4 -2 -2 4 0 -2 -3]
737 002000100000010000000000000000000000000000 [-2 0 4 5 3 1 -2]
741 100200100000000000000000000000000000000000 [0 1 4 3 4 1 0]
742 010200100000000000000000000000000000000000 [-2 2 0 4 -1 -2 -2]
743 001200100000000000000000000000000000000000 [0 2 2 5 0 0 1]
744 000200100010000000000000000000000000000000 [-3 2 0 2 -1 -4 -3]
745 000210100000000000000000000000000000000000 [1 0 0 5 4 1 0]
746 000201100000000000000000000000000000000000 [0 3 4 5 1 3 0]
747 000200100000010000000000000000000000000000 [2 3 5 5 3 2 2]
751 100020100000000000000000000000000000000000 [-2 2 4 4 4 0 0]
752 010020100000000000000000000000000000000000 [1 2 -2 -1 2 0 -1]
753 001020100000000000000000000000000000000000 [-2 -1 2 0 3 -3 -2]
754 000120100000000000000000000000000000000000 [-2 0 -1 3 2 -3 -1]
755 000020100001000000000000000000000000000000 [-2 -2 -1 0 1 -3 -3]
756 000021100000000000000000000000000000000000 [-1 2 0 1 3 1 0]
757 000020100000010000000000000000000000000000 [-2 0 3 3 2 0 0]
761 100002100000000000000000000000000000000000 [0 2 2 1 0 2 1]
762 010002100000000000000000000000000000000000 [0 0 2 -2 0 0 -2]
763 001002100000000000000000000000000000000000 [0 2 0 0 -3 0 -2]
764 000102100000000000000000000000000000000000 [-3 -4 -2 2 -3 1 -3]
765 000012100000000000000000000000000000000000 [0 2 1 1 3 1 0]
766 000002100000100000000000000000000000000000 [-3 -2 -2 -4 -3 2 -2]
767 000002100000010000000000000000000000000000 [0 0 1 2 0 1 2]
771 100000100000020000000000000000000000000000 [-1 0 -2 0 0 1 -2]
772 010000100000020000000000000000000000000000 [-2 -1 -2 -2 -1 -2 -3]
773 001000100000020000000000000000000000000000 [-2 -1 1 1 -2 -2 -3]
774 000100100000020000000000000000000000000000 [-4 -4 -4 -1 -1 -3 -4]
775 000010100000020000000000000000000000000000 [-4 -2 -2 0 0 0 -3]
776 000001100000020000000000000000000000000000 [-3 -3 -3 0 0 0 -3]
777 000000100000020000001000000000000000000000 [-2 -1 -2 2 1 1 -1]
